6.32386388588202e-07
3.5829401667797356e-08
0.990575909614563
7.265001794598547e-11
0.9999728202819824
3.2521083994652145e-06
0.9977473616600037
0.0013848856324329972
0.0007674972293898463
0.00023006343690212816
0.46817412972450256
0.4957695007324219
0.00020839528588112444
0.002884386805817485
0.9997054934501648
0.9986750483512878
0.9999642372131348
0.9970694184303284
6.817894609412178e-05
0.9999165534973145
9.750699246069416e-05
0.9798587560653687
0.002937092911452055
0.02265806682407856
0.3663208782672882
0.009769649244844913
0.023192094638943672
0.9862293004989624
0.9999896287918091
0.9996863603591919
0.00016039155889302492
0.9999686479568481
0.9999953508377075
0.9828937649726868
0.9990630745887756
0.999618411064148
0.9999985694885254
0.9994668364524841
0.00029006681870669127
0.0032651908695697784
0.00040179098141379654
0.9992784857749939
4.490040737437084e-05
0.9999476671218872
0.02668052539229393
0.00010062952060252428
0.9735295176506042
0.9992901086807251
0.5780783295631409
0.9978592991828918
0.9450517296791077
0.9987195730209351
0.0015675051836296916
0.9898687601089478
7.889569815233699e-07
0.9977152347564697
5.1722792704822496e-05
0.0004148953303229064
0.353359580039978
0.9931575655937195
0.99994957447052
0.9940569400787354
0.999832034111023
0.05747334659099579
0.001071482547558844
0.0013885576045140624
0.9999955892562866
3.958196612074971e-05
0.9995875954627991
0.014381497167050838
0.006941162049770355
5.443183681563823e-07
9.478212450630963e-05
0.0014193158131092787
0.9992555975914001
7.760741573292762e-05
0.9998119473457336
0.00020908813166897744
0.003855729941278696
2.2428412194130942e-06
2.2249923858908005e-06
0.00019864618661813438
0.3396795392036438
1.4567705193258007e-06
0.9997065663337708
3.7000078009441495e-05
0.9999940395355225
0.00014802635996602476
6.77505067869788e-06
0.9588601589202881
0.0005046051810495555
0.00174067378975451
0.015192815102636814
1.2491080951804179e-06
0.93113112449646
0.5807410478591919
0.5236569046974182
1.3045296043401322e-07
8.848295692587271e-06
0.16379904747009277
0.9982191920280457
0.015103494748473167
0.9987095594406128
0.9999688863754272
0.012868337333202362
1.9637612425071893e-08
0.9985036849975586
9.72028502133071e-09
0.9926252961158752
0.9996352195739746
0.05259108915925026
0.9558365345001221
2.7181981110402376e-08
0.9975919723510742
0.9999886751174927
0.9791475534439087
0.002278366591781378
0.028087178245186806
0.9999902248382568
0.0006087697693146765
0.9993304014205933
0.009007977321743965
3.7254453673085663e-06
0.9881626963615417
0.9999910593032837
0.006619599182158709
0.7620859146118164
0.00013792792742606252
0.16238075494766235
0.9998301267623901
0.0009183816728182137
0.999974250793457
1.0
0.012609871104359627
0.996997594833374
0.9999780654907227
3.312740091132582e-07
0.9961383938789368
0.0012393854558467865
0.9999926090240479
0.9978850483894348
0.9999903440475464
0.9971287846565247
0.991954505443573
0.0003376473905518651
2.0879031126241898e-07
0.19241701066493988
0.9751644134521484
0.9843862652778625
7.681916436297342e-09
0.9995135068893433
0.8503973484039307
0.0004391786060295999
0.999679684638977
1.0465239785872882e-09
0.9986202716827393
8.741775532616902e-12
0.9999748468399048
1.4187001795562537e-07
0.9999774694442749
0.9958540201187134
0.999810516834259
0.9824641346931458
6.772962706236285e-07
0.4726306200027466
3.9015226320771035e-06
0.9996458292007446
0.014443548396229744
4.991242690266517e-07
3.0767580483370693e-07
0.009897610172629356
0.6999649405479431
0.9273677468299866
0.000511634279973805
0.9999915361404419
0.17048214375972748
8.569342026021332e-05
0.9438620805740356
0.9999524354934692
0.9996459484100342
0.9976857900619507
0.9998156428337097
0.7619839906692505
0.9970793724060059
0.9994045495986938
0.00015347133739851415
0.036624614149332047
0.9998722076416016
0.00082976627163589
0.9955927729606628
0.9510198831558228
0.9999731779098511
0.8757107853889465
0.9996994733810425
0.9999796152114868
0.0002743314253166318
2.556263643782586e-05
0.99973064661026
0.9998089671134949
0.9934645295143127
0.13506285846233368
7.974263280630112e-05
0.0007708031334914267
0.998677670955658
7.313917740248144e-05
0.07704222202301025
0.0002193477121181786
0.9967323541641235
8.981665966523167e-10
0.9999958276748657
0.9936734437942505
0.6741510033607483
0.6608318090438843
0.9999974966049194
0.00021649531845469028
1.400471319357166e-05
0.9964428544044495
0.9733624458312988
0.0012766283471137285
0.9999102354049683
0.010983414016664028
0.9999538660049438
0.9817273616790771
2.047066516297491e-07
0.009354966692626476
0.9995571970939636
5.868604148417944e-06
0.024887243285775185
0.9999834299087524
0.4436242878437042
9.808946970224497e-07
0.2186095267534256
0.0019269600743427873
0.9999823570251465
0.0007548701833002269
0.9999939203262329
0.9999542236328125
0.9999939203262329
0.9999743700027466
0.9613233804702759
7.430234836647287e-05
0.9999252557754517
0.9195027351379395
0.9997864365577698
0.009479192085564137
0.3863852024078369
0.9978911280632019
0.000309506751364097
8.457520743831992e-05
0.9315071105957031
0.999813973903656
0.9965124726295471
0.6101520657539368
0.9999420642852783
0.9928175210952759
0.003057966474443674
0.9977813363075256
3.7339711980166612e-06
0.005579920019954443
6.707872302058604e-08
0.9999947547912598
1.939583853527438e-06
0.9999560117721558
0.9894157648086548
9.445640171179548e-05
0.9999815225601196
0.9999991655349731
7.26197540643625e-05
0.9966474175453186
0.999761164188385
1.7780348571250215e-05
0.9999202489852905
0.0008114227675832808
0.00012118255835957825
1.5761758120902414e-08
0.9953638315200806
0.9929957985877991
0.9430184960365295
3.941112325378526e-09
0.0013972443994134665
2.798143106108597e-10
4.3938851490565867e-07
0.0027241904754191637
0.9996429681777954
0.0008680702885612845
2.862071050913073e-05
0.00038734148256480694
0.9998605251312256
0.9945350885391235
4.694754352385644e-06
6.610986747546121e-05
0.9999477863311768
2.1360885966714704e-06
0.9999998807907104
0.9999030828475952
4.527867531578522e-06
0.9999864101409912
0.7300819754600525
0.9794486165046692
0.000733857334125787
0.9999886751174927
1.8606744561111555e-05
0.9914107322692871
0.9986420273780823
0.0004025161324534565
0.9772036075592041
0.0003157158207613975
0.0003757391532417387
0.999992847442627
1.5043918888402175e-10
0.32891514897346497
0.0014452559407800436
0.9990975856781006
0.9956414699554443
1.4027122574589157e-07
0.998584508895874
0.9988755583763123
0.001126300310716033
0.9998236298561096
2.2438672431235318e-07
0.9971866011619568
0.9999995231628418
0.001351495855487883
1.3457750469569874e-08
0.0010486780665814877
8.058399281196671e-09
0.9998795986175537
0.9981545805931091
2.7811069003291777e-07
0.006690711248666048
0.9999970197677612
0.15264835953712463
1.0
9.175344511946903e-12
0.9973727464675903
5.610417065327056e-05
1.4993767338822295e-09
5.2440958825172856e-05
0.012157724238932133
0.09967991709709167
0.9998064637184143
0.999962568283081
6.385578672052361e-06
0.008482531644403934
9.619428601581603e-05
0.9893988370895386
0.9998264908790588
0.012330575846135616
0.9965190887451172
5.6312146625714377e-05
0.005952705163508654
0.9683664441108704
0.00035435406607575715
0.003073265077546239
0.9856520891189575
0.6536900997161865
1.711046206764877e-05
0.8446950912475586
6.563391252711881e-07
0.0010851533152163029
0.999984860420227
0.0014880358939990401
1.856325070548337e-05
0.7286360263824463
7.673448999412358e-05
0.7787792086601257
0.9992701411247253
4.104163235751912e-05
0.0005672602565027773
1.617301495571155e-05
0.9994100332260132
2.366193712077802e-06
0.9989197254180908
0.2486630231142044
0.9995211362838745
0.9999792575836182
1.607715944373922e-06
7.776161048411723e-09
3.177962071276852e-08
2.5732862241056864e-07
0.014512790367007256
0.9998793601989746
0.9999834299087524
0.9941452741622925
0.9801575541496277
2.4361509076697985e-06
0.0002617162826936692
0.9998034834861755
1.8183104799618377e-08
0.11396253854036331
0.9999998807907104
6.507112557119221e-12
0.9995912909507751
0.005242341663688421
0.5111168622970581
0.946146547794342
0.99922776222229
0.99993896484375
0.9999921321868896
0.9998825788497925
1.1201120287296362e-05
0.00012261165829841048
0.9999850988388062
0.9982172846794128
0.007881085388362408
0.9999988079071045
0.97163987159729
5.627338759950362e-05
0.9998666048049927
2.336296165594831e-05
0.0002516146341804415
0.9999330043792725
0.337361216545105
0.006286815274506807
0.9945447444915771
0.00034298302489332855
0.9998891353607178
0.9960712194442749
1.1842800631711725e-05
0.003019674215465784
0.999983549118042
0.9967341423034668
0.9999940395355225
0.37142857909202576
0.9994137287139893
1.5456358596566133e-05
0.42045682668685913
0.011699932627379894
0.9963125586509705
0.9931451082229614
0.8125185966491699
0.9988048076629639
0.997512698173523
0.027859516441822052
0.9996597766876221
2.481626637518275e-08
1.411363314218761e-06
0.9881241917610168
4.279883683011576e-07
0.9740371704101562
0.000860848871525377
0.00010850934631889686
0.9674655199050903
0.27052608132362366
0.9819003939628601
3.195033968950156e-06
0.0002824333787430078
0.9999786615371704
0.0029978665988892317
7.859390915854192e-10
0.03623386472463608
0.004296938888728619
0.9203020930290222
0.001762001309543848
0.9917114973068237
3.6197279769112356e-06
0.9998986721038818
0.0027342853136360645
0.00011993147927569225
0.001461007515899837
0.9999039173126221
0.9916995763778687
2.496301931387279e-06
8.441781460533093e-07
0.9994076490402222
0.9960829019546509
0.00011018061923095956
0.5449672937393188
0.9141510128974915
0.9996562004089355
0.999998927116394
1.559620521618399e-08
0.018236516043543816
0.9979992508888245
3.5741195461014286e-06
0.9986857771873474
0.0005758625920861959
0.001175671350210905
0.0008779637282714248
0.9999462366104126
0.41027840971946716
0.05768381059169769
0.9999816417694092
0.8980750441551208
0.9997807145118713
0.8820452690124512
1.0118201316799968e-05
0.9999756813049316
0.33896639943122864
0.9997361302375793
3.7133215755602578e-06
0.9918864369392395
0.9979737401008606
2.7884100290975766e-06
0.5327602028846741
0.9995570778846741
0.003185304580256343
0.9990971088409424
0.9725102782249451
0.0015517922583967447
0.5073148608207703
0.9872526526451111
0.9989771842956543
0.9883572459220886
0.999968409538269
0.024924427270889282
0.9997866749763489
